  0.00000E+00   0.00000E+00   0.00000E+00   0.00000E+00   0.00000E+00   0.00000E+00   0.00000E+00   0.00000E+00   0.00000E+00   0.00000E+00   0.00000E+00   0.00000E+00   0.00000E+00   0.00000E+00   0.00000E+00   0.00000E+00   0.00000E+00   0.00000E+00   0.00000E+00   0.00000E+00   0.00000E+00
  4.16667E-02   4.16667E-02   4.16667E-02   4.16667E-02   4.16667E-02   4.16667E-02   4.16667E-02   4.16667E-02   4.16667E-02   4.16667E-02   4.16667E-02   4.16667E-02   4.16667E-02   4.16667E-02   4.16667E-02   4.16667E-02   4.16667E-02   4.16667E-02   4.16667E-02   4.16667E-02   4.16667E-02
  8.33333E-02   8.33333E-02   8.33333E-02   8.33333E-02   8.33333E-02   8.33333E-02   8.33333E-02   8.33333E-02   8.33333E-02   8.33333E-02   8.33333E-02   8.33333E-02   8.33333E-02   8.33333E-02   8.33333E-02   8.33333E-02   8.33333E-02   8.33333E-02   8.33333E-02   8.33333E-02   8.33333E-02
  1.25000E-01   1.25000E-01   1.25000E-01   1.25000E-01   1.25000E-01   1.25000E-01   1.25000E-01   1.25000E-01   1.25000E-01   1.25000E-01   1.25000E-01   1.25000E-01   1.25000E-01   1.25000E-01   1.25000E-01   1.25000E-01   1.25000E-01   1.25000E-01   1.25000E-01   1.25000E-01   1.25000E-01
  1.66667E-01   1.66667E-01   1.66667E-01   1.66667E-01   1.66667E-01   1.66667E-01   1.66667E-01   1.66667E-01   1.66667E-01   1.66667E-01   1.66667E-01   1.66667E-01   1.66667E-01   1.66667E-01   1.66667E-01   1.66667E-01   1.66667E-01   1.66667E-01   1.66667E-01   1.66667E-01   1.66667E-01
  2.08333E-01   2.08333E-01   2.08333E-01   2.08333E-01   2.08333E-01   2.08333E-01   2.08333E-01   2.08333E-01   2.08333E-01   2.08333E-01   2.08333E-01   2.08333E-01   2.08333E-01   2.08333E-01   2.08333E-01   2.08333E-01   2.08333E-01   2.08333E-01   2.08333E-01   2.08333E-01   2.08333E-01
  2.50000E-01   2.50000E-01   2.50000E-01   2.50000E-01   2.50000E-01   2.50000E-01   2.50000E-01   2.50000E-01   2.50000E-01   2.50000E-01   2.50000E-01   2.50000E-01   2.50000E-01   2.50000E-01   2.50000E-01   2.50000E-01   2.50000E-01   2.50000E-01   2.50000E-01   2.50000E-01   2.50000E-01
  2.91667E-01   2.91667E-01   2.91667E-01   2.91667E-01   2.91667E-01   2.91667E-01   2.91667E-01   2.91667E-01   2.91667E-01   2.91667E-01   2.91667E-01   2.91667E-01   2.91667E-01   2.91667E-01   2.91667E-01   2.91667E-01   2.91667E-01   2.91667E-01   2.91667E-01   2.91667E-01   2.91667E-01
  3.33333E-01   3.33333E-01   3.33333E-01   3.33333E-01   3.33333E-01   3.33333E-01   3.33333E-01   3.33333E-01   3.33333E-01   3.33333E-01   3.33333E-01   3.33333E-01   3.33333E-01   3.33333E-01   3.33333E-01   3.33333E-01   3.33333E-01   3.33333E-01   3.33333E-01   3.33333E-01   3.33333E-01
  3.75000E-01   3.75000E-01   3.75000E-01   3.75000E-01   3.75000E-01   3.75000E-01   3.75000E-01   3.75000E-01   3.75000E-01   3.75000E-01   3.75000E-01   3.75000E-01   3.75000E-01   3.75000E-01   3.75000E-01   3.75000E-01   3.75000E-01   3.75000E-01   3.75000E-01   3.75000E-01   3.75000E-01
  4.16667E-01   4.16667E-01   4.16667E-01   4.16667E-01   4.16667E-01   4.16667E-01   4.16667E-01   4.16667E-01   4.16667E-01   4.16667E-01   4.16667E-01   4.16667E-01   4.16667E-01   4.16667E-01   4.16667E-01   4.16667E-01   4.16667E-01   4.16667E-01   4.16667E-01   4.16667E-01   4.16667E-01
  4.58333E-01   4.58333E-01   4.58333E-01   4.58333E-01   4.58333E-01   4.58333E-01   4.58333E-01   4.58333E-01   4.58333E-01   4.58333E-01   4.58333E-01   4.58333E-01   4.58333E-01   4.58333E-01   4.58333E-01   4.58333E-01   4.58333E-01   4.58333E-01   4.58333E-01   4.58333E-01   4.58333E-01
  5.00000E-01   5.00000E-01   5.00000E-01   5.00000E-01   5.00000E-01   5.00000E-01   5.00000E-01   5.00000E-01   5.00000E-01   5.00000E-01   5.00000E-01   5.00000E-01   5.00000E-01   5.00000E-01   5.00000E-01   5.00000E-01   5.00000E-01   5.00000E-01   5.00000E-01   5.00000E-01   5.00000E-01
  5.41667E-01   5.41667E-01   5.41667E-01   5.41667E-01   5.41667E-01   5.41667E-01   5.41667E-01   5.41667E-01   5.41667E-01   5.41667E-01   5.41667E-01   5.41667E-01   5.41667E-01   5.41667E-01   5.41667E-01   5.41667E-01   5.41667E-01   5.41667E-01   5.41667E-01   5.41667E-01   5.41667E-01
  5.83333E-01   5.83333E-01   5.83333E-01   5.83333E-01   5.83333E-01   5.83333E-01   5.83333E-01   5.83333E-01   5.83333E-01   5.83333E-01   5.83333E-01   5.83333E-01   5.83333E-01   5.83333E-01   5.83333E-01   5.83333E-01   5.83333E-01   5.83333E-01   5.83333E-01   5.83333E-01   5.83333E-01
  6.25000E-01   6.25000E-01   6.25000E-01   6.25000E-01   6.25000E-01   6.25000E-01   6.25000E-01   6.25000E-01   6.25000E-01   6.25000E-01   6.25000E-01   6.25000E-01   6.25000E-01   6.25000E-01   6.25000E-01   6.25000E-01   6.25000E-01   6.25000E-01   6.25000E-01   6.25000E-01   6.25000E-01
  6.66667E-01   6.66667E-01   6.66667E-01   6.66667E-01   6.66667E-01   6.66667E-01   6.66667E-01   6.66667E-01   6.66667E-01   6.66667E-01   6.66667E-01   6.66667E-01   6.66667E-01   6.66667E-01   6.66667E-01   6.66667E-01   6.66667E-01   6.66667E-01   6.66667E-01   6.66667E-01   6.66667E-01
  7.08333E-01   7.08333E-01   7.08333E-01   7.08333E-01   7.08333E-01   7.08333E-01   7.08333E-01   7.08333E-01   7.08333E-01   7.08333E-01   7.08333E-01   7.08333E-01   7.08333E-01   7.08333E-01   7.08333E-01   7.08333E-01   7.08333E-01   7.08333E-01   7.08333E-01   7.08333E-01   7.08333E-01
  7.50000E-01   7.50000E-01   7.50000E-01   7.50000E-01   7.50000E-01   7.50000E-01   7.50000E-01   7.50000E-01   7.50000E-01   7.50000E-01   7.50000E-01   7.50000E-01   7.50000E-01   7.50000E-01   7.50000E-01   7.50000E-01   7.50000E-01   7.50000E-01   7.50000E-01   7.50000E-01   7.50000E-01
  7.91667E-01   7.91667E-01   7.91667E-01   7.91667E-01   7.91667E-01   7.91667E-01   7.91667E-01   7.91667E-01   7.91667E-01   7.91667E-01   7.91667E-01   7.91667E-01   7.91667E-01   7.91667E-01   7.91667E-01   7.91667E-01   7.91667E-01   7.91667E-01   7.91667E-01   7.91667E-01   7.91667E-01
  8.33333E-01   8.33333E-01   8.33333E-01   8.33333E-01   8.33333E-01   8.33333E-01   8.33333E-01   8.33333E-01   8.33333E-01   8.33333E-01   8.33333E-01   8.33333E-01   8.33333E-01   8.33333E-01   8.33333E-01   8.33333E-01   8.33333E-01   8.33333E-01   8.33333E-01   8.33333E-01   8.33333E-01
  8.75000E-01   8.75000E-01   8.75000E-01   8.75000E-01   8.75000E-01   8.75000E-01   8.75000E-01   8.75000E-01   8.75000E-01   8.75000E-01   8.75000E-01   8.75000E-01   8.75000E-01   8.75000E-01   8.75000E-01   8.75000E-01   8.75000E-01   8.75000E-01   8.75000E-01   8.75000E-01   8.75000E-01
  9.16667E-01   9.16667E-01   9.16667E-01   9.16667E-01   9.16667E-01   9.16667E-01   9.16667E-01   9.16667E-01   9.16667E-01   9.16667E-01   9.16667E-01   9.16667E-01   9.16667E-01   9.16667E-01   9.16667E-01   9.16667E-01   9.16667E-01   9.16667E-01   9.16667E-01   9.16667E-01   9.16667E-01
  9.58333E-01   9.58333E-01   9.58333E-01   9.58333E-01   9.58333E-01   9.58333E-01   9.58333E-01   9.58333E-01   9.58333E-01   9.58333E-01   9.58333E-01   9.58333E-01   9.58333E-01   9.58333E-01   9.58333E-01   9.58333E-01   9.58333E-01   9.58333E-01   9.58333E-01   9.58333E-01   9.58333E-01
  1.00000E+00   1.00000E+00   1.00000E+00   1.00000E+00   1.00000E+00   1.00000E+00   1.00000E+00   1.00000E+00   1.00000E+00   1.00000E+00   1.00000E+00   1.00000E+00   1.00000E+00   1.00000E+00   1.00000E+00   1.00000E+00   1.00000E+00   1.00000E+00   1.00000E+00   1.00000E+00   1.00000E+00
